date 02/10/2016
time 14:02:39
latitude 43.13555
longitude -70.9395
0.003    1501.09     3.7610    25.0900
0.076    1506.66     7.8941    25.5085
0.167    1511.29    10.7463    26.1284
0.256    1513.82    12.1881    26.5269
0.574    1514.82    12.0887    26.9746
0.801    1514.35    12.0467    26.8026
1.589    1515.11    12.0895    27.0879
1.658    1515.11    12.0893    27.0883
2.535    1515.15    12.0935    27.0958
3.394    1515.24    12.1191    27.1148
4.087    1515.33    12.1377    27.1405
4.761    1515.35    12.1370    27.1423
6.879    1515.54    12.2065    27.1766
7.721    1515.54    12.2095    27.1706
8.412    1515.54    12.2176    27.1630
9.453    1515.55    12.2316    27.1522
9.912    1515.55    12.2380    27.1441
10.010   1515.55    12.2399    27.1427
10.087   1515.55    12.2411    27.1417
11.480   1515.56    12.2560    27.1299
12.104   1515.56    12.2681    27.1233
13.342   1515.58    12.3008    27.1065
13.499   1515.58    12.3207    27.0987
13.642   1515.56    12.3292    27.0852
14.383   1515.43    12.3561    27.0139
14.508   1515.43    12.3734    27.0057
14.968   1515.23    12.4642    26.8828
15.532   1515.24    12.5347    26.8490
15.924   1515.15    12.5749    26.7927
16.088   1511.91    10.3640    26.4316
